000049
000070
000091
000112
000134
000155
000175
000196
000216
000237
000260
000280
000300
000320
000342
000363
000384
000448
000469
000491
000512
000532
000554
000575
000596
000617
000637
000658
000679
000700
000722
000744
000766
000788
000809
000830
000851
000874
000895
000916
000937
000957
000978
000999
001020
001040
001061
001085
001110
001131
001151
001171
001191
001213
001234
001255
001275
001295
001315
001336
001357
001377
001397
001417
001437
001458
001480
001500
001520
001540
001561
001582
001603
001624
001644
001664
001686
001707
001727
001747
001767
001787
001807
001830
001850
001870
001890
001910
001931
001952
001972
001992
002012
002032
002053
002073
002093
002113
002133
002153
002174
002194
002214
002234
002254
002274
002295
002316
002336
002356
002376
002396
002417
002438
002458
002478
002498
002518
002540
002560
002580
002600
002620
002641
002662
002682
002702
002722
002742
002765
002785
002805
002825
002845
002865
002887
002907
002927
002947
002967
002987
003008
003029
003049
003069
003089
003114
003135
003155
003175
003195
003215
003237
003257
003277
003297
003317
003337
003358
003379
003400
003420
003440
003465
003486
003506
003526
003546
003566
003588
003609
003629
003649
003669
003689
003711
003732
003753
003773
003793
003814
003837
003858
003880
003900
003921
003942
003963
003984
004004
004024
004044
004065
004087
004108
004131
004152
004173
004194
004215
004235
004255
