4
14
24
34
44
54
64
74
84
94
104
114
124
134
144
154
164
174
183
193
203
213
223
233
243
254
264
274
284
294
304
314
324
334
344
354
364
374
384
394
404
414
424
434
444
454
464
474
483
494
504
514
524
534
544
554
564
574
583
1332
1342
1352
1360
1370
1380
1390
1400
1410
1419
1429
1439
1449
1459
1469
1480
1490
1499
1509
1519
1529
1539
1549
1559
1569
1579
1589
1599
1609
1619
1629
1639
1649
1659
1669
1679
1689
1699
1709
1721
1731
1741
1751
1761
1772
1782
1790
1800
1810
1820
1830
1840
1850
1860
1870
1880
1890
1900
1910
1920
1930
1940
1950
1960
1970
1980
1990
2000
2010
2020
2030
2040
2050
2060
2070
2080
2351
2361
2373
2383
2393
2401
2411
2421
2430
2440
2450
2460
2470
2480
2490
2500
2510
2520
2530
2540
2550
2561
2571
2581
2591
2601
2611
3019
3029
3040
3050
3060
3070
3080
3090
3102
3112
3122
3132
3142
3152
3160
3170
3180
3190
3200
3210
3220
3230
3240
3250
3260
3270
3281
3291
3299
3309
3319
3329
3339
3349
3359
3369
3379
3389
3398
3801
3811
3821
3831
3841
3851
3861
3871
3881
3891
3901
3911
3921
3931
3941
3951
3961
3970
3980
3990
4000
4010
4020
4030
4041
4051
4061
4071
4080
4091
4101
4111
4120
4130
4140
4150
4160
4170
4180
4190
4200
4210
4220
4230
4240
4250
4258
4270
4280
4290
4300
4310
4320
4330
4340
4350
4360
4370
4380
4389
4397
4407
4417
4427
4437
4447
4457
4465
4475
4485
4495
4505
4515
4525
4535
4545
4555
4565
4573
4583
4595
4605
4615
4625
4635
4643
4653
4663
4673
4683
4693
4703
4713
4723
4733
4743
4753
4765
4775
4785
4795
4805
4815
4825
4835
4845
4855
4865
4875
4885
4895
4905
4915
4925
4935
4945
4954
4964
4972
4982
4992
5002
5012
5022
5032
5042
5052
5062
5072
5082
5092
5101
5111
5121
5131
5139
5149
5159
5169
5179
5189
5199
5209
5219
5229
5631
5641
5651
5661
5671
5681
5691
5701
5711
5721
5731
5741
5751
5761
5771
5781
5791
5801
5811
5821
5831
5841
5851
5861
5871
5881
5891
5901
5911
5921
5931
5941
5951
5961
5971
5981
5991
6001
6011
6021
6031
6041
6051
6061
6071
6081
6091
6101
6111
6121
6130
6139
6149
6159
6168
6178
6188
6198
6206
6215
6224
6234
6244
6254
6264
6274
6284
6294
6302
6311
6321
6329
6339
6349
6359
6368
6378
6388
6398
6408
6418
6428
6438
6448
6458
6468
6478
6488
6498
6508
6518
6528
6538
6548
6558
6568
6578
6588
6598
6608
6618
6628
6638
6648
6658
6668
6679
6689
6700
6710
6722
6732
6742
6752
6762
6770
6780
7178
7186
7196
7206
7216
7226
7236
7246
7256
7266
7278
7288
7298
7308
7318
7328
7338
7348
7358
7368
7378
7388
7398
7409
7419
7429
7439
7451
7461
7471
7481
7491
7501
7511
7519
7529
7538
7548
7558
7566
7576
7586
7596
7606
7616
7626
7636
7646
7656
7666
7676
7686
7696
7706
7716
7726
7736
7746
7756
7766
7776
7786
7796
7806
7814
7824
7834
7844
7854
7864
7874
7884
7894
7904
7914
7924
7933
7943
7953
7963
7976
7986
7996
8005
8015
8025
8035
8045
8055
8065
8075
8085
8095
8105
8115
8125
8135
8145
8155
8165
8175
8185
8195
8205
8215
8609
8619
8629
8639
8650
8660
8669
8678
8688
8698
8707
8717
8729
8739
8749
8759
8769
8779
8789
8799
8809
8819
8829
8839
8849
8861
8872
8882
8892
8902
8912
8922
8932
8942
8952
8964
8974
8984
8992
9241
9251
9261
9271
9281
9291
9301
9311
9321
9331
9341
9351
9361
9371
9381
9391
9401
9411
9421
9431
9441
9451
9461
9472
9482
9492
9502
9512
9524
9534
9544
9554
9564
9574
9582
9592
9602
9612
9622
11037
11047
11056
11066
11076
11086
11096
11106
11116
11126
11136
11146
11156
11166
11176
11186
11194
11204
11214
11224
11234
11244
11254
11264
11274
11287
11297
11307
11317
11327
11336
11346
11356
11366
11376
11387
11397
11406
11417
11427
11437
11447
11457
11467
11477
11487
11497
11507
11517
11527
11536
11546
11556
11566
11576
11586
11596
11605
11615
11625
12074
12084
12094
12104
12114
12124
12134
12144
12154
12164
12174
12184
12194
12204
12214
12224
12234
12244
12254
12264
12274
12284
12294
12311
12321
12331
12341
12351
12361
12371
12381
12392
12401
12411
12421
12432
12441
12451
12461
12471
12481
12491
12501
12511
12521
12531
12541
12551
12561
13214
13224
13234
13244
13254
13264
13274
13284
13294
13304
13314
13324
13334
13343
13354
13364
13374
13384
13396
13406
13411
13421
13431
13441
13450
13461
13471
13480
13490
13500
13510
13520
13530
13540
13551
13561
13571
13581
13591
13601
13612
13622
13632
13642
13652
13662
13672
13682
13692
13702
13712
13722
13732
13740
13750
13760
13770
13780
13790
13800
13811
13821
13831
13841
13851
13861
13870
13880
13890
13900
13910
13920
13930
13941
13951
13961
13971
13981
13991
14001
14011
14020
14030
14040
14050
14060
14070
14080
14090
14100
14110
14120
14130
14140
14150
14160
14170
14179
14194
14204
14214
14224
14234
14244
14254
14264
14274
14284
14294
14304
14314
14324
14334
14343
14353
14363
14373
14384
14394
14404
14414
14423
14640
14650
14660
14670
14680
14690
14700
14710
14720
14730
14740
14750
14760
14770
14780
14788
14798
14808
14818
14828
14838
14848
14858
14868
14878
14888
14898
14908
14918
16274
16284
16294
16305
16315
16325
16335
16344
16354
16364
16375
16385
16395
16405
16415
16425
16435
16445
16455
16465
16475
16485
16495
16505
16515
16525
16535
16545
16555
16565
16575
16585
16595
16605
16615
16625
16634
17302
17312
17322
17332
17342
17352
17362
17372
17382
17392
17402
17412
17420
17430
17440
17450
17460
17470
17480
17490
17500
17510
17522
17532
17542
17552
17561
17571
17581
17591
17601
17609
17619
17629
17639
17649
17659
17669
17679
17694
17704
17714
17725
17735
17745
17754
17764
17773
17783
17793
17803
17813
17823
17833
17843
17853
17864
17874
17884
17894
17904
17914
17924
17934
17944
17954
17965
17973
17982
17990
18000
18010
18020
18030
18040
18350
18360
18370
18380
18390
18400
18411
18421
18431
18441
18451
18461
18471
18481
18491
18501
18511
18521
18530
18540
18550
18560
18570
18580
18590
18599
18602
18612
18622
18634
18644
18654
18664
18674
18684
18694
18702
18712
18722
18732
18742
18752
18762
18772
18782
18792
18802
18814
18824
18834
18844
18854
18864
18874
18884
20071
20081
20091
20101
20111
20121
20129
20138
20148
20158
20168
20178
20188
20198
20208
20218
20229
20238
20248
20258
20267
20277
20287
20298
20308
20318
20328
20338
20348
20358
20368
20378
20388
20397
20407
20419
20429
20439
20449
20849
20859
20869
20879
20890
20900
20910
20920
20930
20940
20950
20960
20970
20980
20990
20999
21009
21019
21029
21039
21050
21060
21070
21080
21089
21099
21109
21119
21129
21139
21149
21159
21169
21179
21189
21198
21208
21218
21228
22736
22746
22756
22766
22776
22786
22796
22806
22816
22826
22836
22846
22855
22865
22875
22885
22895
22904
22914
22925
23870
23880
23890
23900
23910
23920
23930
23940
23950
23960
23970
23980
23990
24000
24009
24019
24029
24039
24049
24059
24069
24079
24089
24099
24109
24119
24129
24140
24150
24160
24170
24180
24190
24200
24210
24220
24230
24240
24250